1
KesikKopru
               0.000
COORDINATES
     2    652183.670  4079480.841   652289.251  4079392.104
FLOW DIRECTION
    0      
PROTECT DATA
    0      
DATUM
      0.00
RADIUS TYPE
    0
DIVIDE X-Section
0
SECTION ID
02_01
INTERPOLATED
    0
ANGLE
    0.00   0
RESISTANCE NUMBERS
   1  0     1.000     1.000     1.000    1.000    1.000
PROFILE        14 
     0.000    14.890      1.000     <#1>     0     0.000     0
    12.593    14.639      1.000     <#2>     0     0.000     0
    23.972    13.651      1.000     <#4>     0     0.000     0
    38.200    10.196      1.000     <#0>     0     0.000     0
    50.190    10.043      1.000     <#0>     0     0.000     0
    67.780    10.077      1.000     <#0>     0     0.000     0
    73.013     6.295      1.000     <#0>     0     0.000     0
    85.597     5.929      1.000     <#0>     0     0.000     0
    97.526     5.791      1.000     <#0>     0     0.000     0
   110.646    11.451      1.000     <#0>     0     0.000     0
   115.053    12.599      1.000     <#0>     0     0.000     0
   118.502    10.776      1.000     <#0>     0     0.000     0
   127.996    11.088      1.000     <#0>     0     0.000     0
   137.879    10.479      1.000     <#0>     0     0.000     0
LEVEL PARAMS
0  0    0.000  0    0.000  50
*******************************
1
KesikKopru
              71.570
COORDINATES
     2    652260.903  4079509.410   652357.673  4079428.078
FLOW DIRECTION
    0      
PROTECT DATA
    0      
DATUM
      0.00
RADIUS TYPE
    0
DIVIDE X-Section
0
SECTION ID
02_02
INTERPOLATED
    0
ANGLE
    0.00   0
RESISTANCE NUMBERS
   1  0     1.000     1.000     1.000    1.000    1.000
PROFILE        10 
     0.000     7.660      1.000     <#1>     0     0.000     0
     8.252     6.531      1.000     <#2>     0     0.000     0
    19.988     6.122      1.000     <#4>     0     0.000     0
    51.444     6.219      1.000     <#0>     0     0.000     0
    62.542     7.892      1.000     <#0>     0     0.000     0
    68.867    11.264      1.000     <#0>     0     0.000     0
    79.231    10.766      1.000     <#0>     0     0.000     0
    97.477    11.155      1.000     <#0>     0     0.000     0
   116.921    11.350      1.000     <#0>     0     0.000     0
   126.373    15.300      1.000     <#0>     0     0.000     0
LEVEL PARAMS
0  0    0.000  0    0.000  50
*******************************
1
KesikKopru
             121.960
COORDINATES
     2    652290.170  4079550.627   652388.314  4079468.141
FLOW DIRECTION
    0      
PROTECT DATA
    0      
DATUM
      0.00
RADIUS TYPE
    0
DIVIDE X-Section
0
SECTION ID
02_03
INTERPOLATED
    0
ANGLE
    0.00   0
RESISTANCE NUMBERS
   1  0     1.000     1.000     1.000    1.000    1.000
PROFILE        16 
     0.000     6.306      1.000     <#1>     0     0.000     0
     4.943     7.956      1.000     <#2>     0     0.000     0
    14.516    11.013      1.000     <#4>     0     0.000     0
    23.423    11.897      1.000     <#0>     0     0.000     0
    33.425    13.807      1.000     <#0>     0     0.000     0
    39.177    12.079      1.000     <#0>     0     0.000     0
    45.865     8.039      1.000     <#0>     0     0.000     0
    54.355     7.408      1.000     <#0>     0     0.000     0
    61.175     8.140      1.000     <#0>     0     0.000     0
    66.376    11.925      1.000     <#0>     0     0.000     0
    71.832    10.761      1.000     <#0>     0     0.000     0
    83.261    11.003      1.000     <#0>     0     0.000     0
    99.092    11.040      1.000     <#0>     0     0.000     0
   101.083    11.144      1.000     <#0>     0     0.000     0
   120.514    11.700      1.000     <#0>     0     0.000     0
   128.167    15.250      1.000     <#0>     0     0.000     0
LEVEL PARAMS
0  0    0.000  0    0.000  50
*******************************
1
KesikKopru
             172.510
COORDINATES
     2    652330.362  4079589.575   652415.897  4079501.367
FLOW DIRECTION
    0      
PROTECT DATA
    0      
DATUM
      0.00
RADIUS TYPE
    0
DIVIDE X-Section
0
SECTION ID
02_04
INTERPOLATED
    0
ANGLE
    0.00   0
RESISTANCE NUMBERS
   1  0     1.000     1.000     1.000    1.000    1.000
PROFILE        16 
     0.000    18.090      1.000     <#1>     0     0.000     0
    10.075    18.310      1.000     <#2>     0     0.000     0
    20.595    18.202      1.000     <#4>     0     0.000     0
    27.759    18.441      1.000     <#0>     0     0.000     0
    44.289     8.911      1.000     <#0>     0     0.000     0
    53.924     7.829      1.000     <#0>     0     0.000     0
    60.717     8.465      1.000     <#0>     0     0.000     0
    64.349    11.905      1.000     <#0>     0     0.000     0
    70.207    10.896      1.000     <#0>     0     0.000     0
    81.249    11.047      1.000     <#0>     0     0.000     0
    92.783    11.272      1.000     <#0>     0     0.000     0
    98.753    11.485      1.000     <#0>     0     0.000     0
   103.121    12.300      1.000     <#0>     0     0.000     0
   107.682    12.450      1.000     <#0>     0     0.000     0
   115.206    11.250      1.000     <#0>     0     0.000     0
   122.834    15.200      1.000     <#0>     0     0.000     0
LEVEL PARAMS
0  0    0.000  0    0.000  50
*******************************
1
KesikKopru
             222.530
COORDINATES
     2    652371.983  4079619.298   652445.611  4079541.502
FLOW DIRECTION
    0      
PROTECT DATA
    0      
DATUM
      0.00
RADIUS TYPE
    0
DIVIDE X-Section
0
SECTION ID
02_05
INTERPOLATED
    0
ANGLE
    0.00   0
RESISTANCE NUMBERS
   1  0     1.000     1.000     1.000    1.000    1.000
PROFILE        14 
     0.000    18.527      1.000     <#1>     0     0.000     0
     8.922    18.242      1.000     <#2>     0     0.000     0
    22.366    17.621      1.000     <#4>     0     0.000     0
    36.883     9.062      1.000     <#0>     0     0.000     0
    45.123     8.229      1.000     <#0>     0     0.000     0
    52.667     8.657      1.000     <#0>     0     0.000     0
    55.681    10.804      1.000     <#0>     0     0.000     0
    63.932    11.135      1.000     <#0>     0     0.000     0
    72.062    11.415      1.000     <#0>     0     0.000     0
    82.572    11.902      1.000     <#0>     0     0.000     0
    88.484    13.168      1.000     <#0>     0     0.000     0
    91.799    14.367      1.000     <#0>     0     0.000     0
    97.662    15.850      1.000     <#0>     0     0.000     0
   107.083    15.900      1.000     <#0>     0     0.000     0
LEVEL PARAMS
0  0    0.000  0    0.000  50
*******************************
1
KesikKopru
             271.870
COORDINATES
     2    652394.161  4079645.904   652474.198  4079603.218
FLOW DIRECTION
    0      
PROTECT DATA
    0      
DATUM
      0.00
RADIUS TYPE
    0
DIVIDE X-Section
0
SECTION ID
02_06
INTERPOLATED
    0
ANGLE
    0.00   0
RESISTANCE NUMBERS
   1  0     1.000     1.000     1.000    1.000    1.000
PROFILE        12 
     0.000    18.371      1.000     <#1>     0     0.000     0
    13.091    18.155      1.000     <#2>     0     0.000     0
    22.234    17.688      1.000     <#4>     0     0.000     0
    35.931     8.841      1.000     <#0>     0     0.000     0
    41.429     8.814      1.000     <#0>     0     0.000     0
    50.372     9.185      1.000     <#0>     0     0.000     0
    57.399    13.198      1.000     <#0>     0     0.000     0
    64.023    14.568      1.000     <#0>     0     0.000     0
    68.448    15.669      1.000     <#0>     0     0.000     0
    72.952    15.798      1.000     <#0>     0     0.000     0
    75.470    15.441      1.000     <#0>     0     0.000     0
    90.682    15.562      1.000     <#0>     0     0.000     0
LEVEL PARAMS
0  0    0.000  0    0.000  50
*******************************
1
KesikKopru
             322.500
COORDINATES
     2    652410.691  4079684.186   652491.429  4079662.853
FLOW DIRECTION
    0      
PROTECT DATA
    0      
DATUM
      0.00
RADIUS TYPE
    0
DIVIDE X-Section
0
SECTION ID
02_07
INTERPOLATED
    0
ANGLE
    0.00   0
RESISTANCE NUMBERS
   1  0     1.000     1.000     1.000    1.000    1.000
PROFILE        10 
     0.000    18.294      1.000     <#1>     0     0.000     0
    14.679    17.601      1.000     <#2>     0     0.000     0
    27.841     9.532      1.000     <#4>     0     0.000     0
    35.552     9.548      1.000     <#0>     0     0.000     0
    42.672     9.669      1.000     <#0>     0     0.000     0
    54.463    16.879      1.000     <#0>     0     0.000     0
    59.886    17.176      1.000     <#0>     0     0.000     0
    62.705    15.708      1.000     <#0>     0     0.000     0
    74.847    15.791      1.000     <#0>     0     0.000     0
    83.485    15.857      1.000     <#0>     0     0.000     0
LEVEL PARAMS
0  0    0.000  0    0.000  50
*******************************
1
KesikKopru
             370.870
COORDINATES
     2    652429.714  4079729.174   652490.559  4079713.097
FLOW DIRECTION
    0      
PROTECT DATA
    0      
DATUM
      0.00
RADIUS TYPE
    0
DIVIDE X-Section
0
SECTION ID
02_08
INTERPOLATED
    0
ANGLE
    0.00   0
RESISTANCE NUMBERS
   1  0     1.000     1.000     1.000    1.000    1.000
PROFILE         9 
     0.000    16.550      1.000     <#1>     0     0.000     0
     9.941    17.929      1.000     <#2>     0     0.000     0
    22.136     9.901      1.000     <#4>     0     0.000     0
    29.658     9.870      1.000     <#0>     0     0.000     0
    39.252    10.054      1.000     <#0>     0     0.000     0
    48.434    16.411      1.000     <#0>     0     0.000     0
    53.320    16.402      1.000     <#0>     0     0.000     0
    58.085    16.380      1.000     <#0>     0     0.000     0
    62.915    16.316      1.000     <#0>     0     0.000     0
LEVEL PARAMS
0  0    0.000  0    0.000  50
*******************************
1
KesikKopru
             420.890
COORDINATES
     2    652436.277  4079779.174   652505.945  4079760.766
FLOW DIRECTION
    0      
PROTECT DATA
    0      
DATUM
      0.00
RADIUS TYPE
    0
DIVIDE X-Section
0
SECTION ID
02_09
INTERPOLATED
    0
ANGLE
    0.00   0
RESISTANCE NUMBERS
   1  0     1.000     1.000     1.000    1.000    1.000
PROFILE        10 
     0.000    16.520      1.000     <#1>     0     0.000     0
     5.500    18.171      1.000     <#2>     0     0.000     0
    18.593    17.624      1.000     <#4>     0     0.000     0
    31.222    10.325      1.000     <#0>     0     0.000     0
    41.344    10.328      1.000     <#0>     0     0.000     0
    48.727    10.293      1.000     <#0>     0     0.000     0
    57.820    16.171      1.000     <#0>     0     0.000     0
    61.471    16.094      1.000     <#0>     0     0.000     0
    67.251    16.315      1.000     <#0>     0     0.000     0
    72.038    16.391      1.000     <#0>     0     0.000     0
LEVEL PARAMS
0  0    0.000  0    0.000  50
*******************************
1
KesikKopru
             471.480
COORDINATES
     2    652437.439  4079831.186   652527.484  4079807.394
FLOW DIRECTION
    0      
PROTECT DATA
    0      
DATUM
      0.00
RADIUS TYPE
    0
DIVIDE X-Section
0
SECTION ID
02_10
INTERPOLATED
    0
ANGLE
    0.00   0
RESISTANCE NUMBERS
   1  0     1.000     1.000     1.000    1.000    1.000
PROFILE        13 
     0.000    18.550      1.000     <#1>     0     0.000     0
     6.520    18.415      1.000     <#2>     0     0.000     0
    16.336    17.722      1.000     <#4>     0     0.000     0
    25.317    17.425      1.000     <#0>     0     0.000     0
    32.780    17.083      1.000     <#0>     0     0.000     0
    38.446    14.340      1.000     <#0>     0     0.000     0
    45.943    13.579      1.000     <#0>     0     0.000     0
    57.010    13.889      1.000     <#0>     0     0.000     0
    64.893    16.955      1.000     <#0>     0     0.000     0
    67.303    17.131      1.000     <#0>     0     0.000     0
    74.857    17.272      1.000     <#0>     0     0.000     0
    78.433    17.310      1.000     <#0>     0     0.000     0
    93.109    17.576      1.000     <#0>     0     0.000     0
LEVEL PARAMS
0  0    0.000  0    0.000  50
*******************************
1
KesikKopru
             521.340
COORDINATES
     2    652464.134  4079880.623   652535.752  4079851.510
FLOW DIRECTION
    0      
PROTECT DATA
    0      
DATUM
      0.00
RADIUS TYPE
    0
DIVIDE X-Section
0
SECTION ID
02_11
INTERPOLATED
    0
ANGLE
    0.00   0
RESISTANCE NUMBERS
   1  0     1.000     1.000     1.000    1.000    1.000
PROFILE        11 
     0.000    18.533      1.000     <#1>     0     0.000     0
     7.811    18.279      1.000     <#2>     0     0.000     0
    17.345    18.271      1.000     <#4>     0     0.000     0
    21.609    18.318      1.000     <#0>     0     0.000     0
    30.942    14.116      1.000     <#0>     0     0.000     0
    38.604    12.850      1.000     <#0>     0     0.000     0
    47.553    13.621      1.000     <#0>     0     0.000     0
    54.761    17.085      1.000     <#0>     0     0.000     0
    56.093    17.354      1.000     <#0>     0     0.000     0
    60.164    17.391      1.000     <#0>     0     0.000     0
    77.287    17.453      1.000     <#0>     0     0.000     0
LEVEL PARAMS
0  0    0.000  0    0.000  50
*******************************
1
KesikKopru
             572.830
COORDINATES
     2    652489.321  4079934.060   652565.593  4079883.628
FLOW DIRECTION
    0      
PROTECT DATA
    0      
DATUM
      0.00
RADIUS TYPE
    0
DIVIDE X-Section
0
SECTION ID
02_12
INTERPOLATED
    0
ANGLE
    0.00   0
RESISTANCE NUMBERS
   1  0     1.000     1.000     1.000    1.000    1.000
PROFILE        11 
     0.000    18.251      1.000     <#1>     0     0.000     0
     9.543    18.110      1.000     <#2>     0     0.000     0
    20.261    18.259      1.000     <#4>     0     0.000     0
    26.644    18.264      1.000     <#0>     0     0.000     0
    35.392    14.225      1.000     <#0>     0     0.000     0
    52.713    14.164      1.000     <#0>     0     0.000     0
    55.888    17.050      1.000     <#0>     0     0.000     0
    61.868    17.528      1.000     <#0>     0     0.000     0
    67.359    17.570      1.000     <#0>     0     0.000     0
    74.570    17.523      1.000     <#0>     0     0.000     0
    91.411    16.159      1.000     <#0>     0     0.000     0
LEVEL PARAMS
0  0    0.000  0    0.000  50
*******************************
1
KesikKopru
             623.040
COORDINATES
     2    652516.245  4079984.589   652591.212  4079918.189
FLOW DIRECTION
    0      
PROTECT DATA
    0      
DATUM
      0.00
RADIUS TYPE
    0
DIVIDE X-Section
0
SECTION ID
02_13
INTERPOLATED
    0
ANGLE
    0.00   0
RESISTANCE NUMBERS
   1  0     1.000     1.000     1.000    1.000    1.000
PROFILE        13 
     0.000    18.718      1.000     <#1>     0     0.000     0
    21.484    18.345      1.000     <#2>     0     0.000     0
    32.519    18.586      1.000     <#4>     0     0.000     0
    43.415    13.625      1.000     <#0>     0     0.000     0
    51.398    13.268      1.000     <#0>     0     0.000     0
    59.510    13.633      1.000     <#0>     0     0.000     0
    66.285    17.792      1.000     <#0>     0     0.000     0
    67.320    18.111      1.000     <#0>     0     0.000     0
    71.927    18.032      1.000     <#0>     0     0.000     0
    75.758    17.928      1.000     <#0>     0     0.000     0
    87.410    17.648      1.000     <#0>     0     0.000     0
    92.784    16.844      1.000     <#0>     0     0.000     0
   100.116    16.495      1.000     <#0>     0     0.000     0
LEVEL PARAMS
0  0    0.000  0    0.000  50
*******************************
1
KesikKopru
             674.330
COORDINATES
     2    652566.913  4080015.043   652622.465  4079948.554
FLOW DIRECTION
    0      
PROTECT DATA
    0      
DATUM
      0.00
RADIUS TYPE
    0
DIVIDE X-Section
0
SECTION ID
02_14
INTERPOLATED
    0
ANGLE
    0.00   0
RESISTANCE NUMBERS
   1  0     1.000     1.000     1.000    1.000    1.000
PROFILE        12 
     0.000    19.243      1.000     <#1>     0     0.000     0
     3.962    18.429      1.000     <#2>     0     0.000     0
    10.655    18.196      1.000     <#4>     0     0.000     0
    17.787    18.127      1.000     <#0>     0     0.000     0
    21.991    17.931      1.000     <#0>     0     0.000     0
    28.307    14.099      1.000     <#0>     0     0.000     0
    36.336    13.227      1.000     <#0>     0     0.000     0
    45.149    13.779      1.000     <#0>     0     0.000     0
    53.892    17.995      1.000     <#0>     0     0.000     0
    60.269    18.275      1.000     <#0>     0     0.000     0
    66.595    17.902      1.000     <#0>     0     0.000     0
    86.617    17.167      1.000     <#0>     0     0.000     0
LEVEL PARAMS
0  0    0.000  0    0.000  50
*******************************
1
KesikKopru
             725.390
COORDINATES
     2    652614.900  4080047.004   652656.766  4079972.820
FLOW DIRECTION
    0      
PROTECT DATA
    0      
DATUM
      0.00
RADIUS TYPE
    0
DIVIDE X-Section
0
SECTION ID
02_15
INTERPOLATED
    0
ANGLE
    0.00   0
RESISTANCE NUMBERS
   1  0     1.000     1.000     1.000    1.000    1.000
PROFILE        13 
     0.000    19.097      1.000     <#1>     0     0.000     0
     3.185    18.211      1.000     <#2>     0     0.000     0
    12.899    17.852      1.000     <#4>     0     0.000     0
    19.602    17.645      1.000     <#0>     0     0.000     0
    22.678    17.757      1.000     <#0>     0     0.000     0
    30.958    13.710      1.000     <#0>     0     0.000     0
    38.239    13.491      1.000     <#0>     0     0.000     0
    45.106    13.381      1.000     <#0>     0     0.000     0
    55.096    18.450      1.000     <#0>     0     0.000     0
    60.721    18.341      1.000     <#0>     0     0.000     0
    68.293    17.549      1.000     <#0>     0     0.000     0
    76.493    17.142      1.000     <#0>     0     0.000     0
    85.158    16.935      1.000     <#0>     0     0.000     0
LEVEL PARAMS
0  0    0.000  0    0.000  50
*******************************
1
KesikKopru
             775.730
COORDINATES
     2    652660.549  4080073.042   652698.849  4079994.848
FLOW DIRECTION
    0      
PROTECT DATA
    0      
DATUM
      0.00
RADIUS TYPE
    0
DIVIDE X-Section
0
SECTION ID
02_16
INTERPOLATED
    0
ANGLE
    0.00   0
RESISTANCE NUMBERS
   1  0     1.000     1.000     1.000    1.000    1.000
PROFILE        15 
     0.000    17.733      1.000     <#1>     0     0.000     0
     1.978    17.976      1.000     <#2>     0     0.000     0
    14.042    18.097      1.000     <#4>     0     0.000     0
    23.432    17.728      1.000     <#0>     0     0.000     0
    27.218    17.883      1.000     <#0>     0     0.000     0
    33.798    13.887      1.000     <#0>     0     0.000     0
    41.086    13.397      1.000     <#0>     0     0.000     0
    49.438    14.526      1.000     <#0>     0     0.000     0
    57.161    18.146      1.000     <#0>     0     0.000     0
    57.739    18.330      1.000     <#0>     0     0.000     0
    64.253    18.203      1.000     <#0>     0     0.000     0
    67.355    17.204      1.000     <#0>     0     0.000     0
    72.091    17.164      1.000     <#0>     0     0.000     0
    84.463    16.957      1.000     <#0>     0     0.000     0
    87.045    16.953      1.000     <#0>     0     0.000     0
LEVEL PARAMS
0  0    0.000  0    0.000  50
*******************************
1
KesikKopru
             825.760
COORDINATES
     2    652707.889  4080090.124   652743.600  4080017.213
FLOW DIRECTION
    0      
PROTECT DATA
    0      
DATUM
      0.00
RADIUS TYPE
    0
DIVIDE X-Section
0
SECTION ID
02_17
INTERPOLATED
    0
ANGLE
    0.00   0
RESISTANCE NUMBERS
   1  0     1.000     1.000     1.000    1.000    1.000
PROFILE        12 
     0.000    17.943      1.000     <#1>     0     0.000     0
    10.475    17.916      1.000     <#2>     0     0.000     0
    18.983    17.871      1.000     <#4>     0     0.000     0
    21.994    17.581      1.000     <#0>     0     0.000     0
    28.287    13.782      1.000     <#0>     0     0.000     0
    34.141    13.453      1.000     <#0>     0     0.000     0
    39.713    13.524      1.000     <#0>     0     0.000     0
    48.450    17.990      1.000     <#0>     0     0.000     0
    51.811    17.553      1.000     <#0>     0     0.000     0
    59.406    17.390      1.000     <#0>     0     0.000     0
    72.415    16.984      1.000     <#0>     0     0.000     0
    81.163    16.706      1.000     <#0>     0     0.000     0
LEVEL PARAMS
0  0    0.000  0    0.000  50
*******************************
1
KesikKopru
             842.880
COORDINATES
     2    652744.796  4080128.024   652788.970  4080038.786
FLOW DIRECTION
    0      
PROTECT DATA
    0      
DATUM
      0.00
RADIUS TYPE
    0
DIVIDE X-Section
0
SECTION ID
02_18
INTERPOLATED
    0
ANGLE
    0.00   0
RESISTANCE NUMBERS
   1  0     1.000     1.000     1.000    1.000    1.000
PROFILE        12 
     0.000    18.182      1.000     <#1>     0     0.000     0
    11.166    18.216      1.000     <#2>     0     0.000     0
    29.679    18.151      1.000     <#4>     0     0.000     0
    42.477    17.892      1.000     <#0>     0     0.000     0
    49.071    15.175      1.000     <#0>     0     0.000     0
    55.497    13.644      1.000     <#0>     0     0.000     0
    59.202    13.301      1.000     <#0>     0     0.000     0
    66.354    18.300      1.000     <#0>     0     0.000     0
    72.017    17.844      1.000     <#0>     0     0.000     0
    77.337    17.676      1.000     <#0>     0     0.000     0
    84.077    17.227      1.000     <#0>     0     0.000     0
    99.544    17.149      1.000     <#0>     0     0.000     0
LEVEL PARAMS
0  0    0.000  0    0.000  50
*******************************
1
KesikKopru
             875.790
COORDINATES
     2    652791.566  4080146.499   652833.850  4080061.077
FLOW DIRECTION
    0      
PROTECT DATA
    0      
DATUM
      0.00
RADIUS TYPE
    0
DIVIDE X-Section
0
SECTION ID
02_19
INTERPOLATED
    0
ANGLE
    0.00   0
RESISTANCE NUMBERS
   1  0     1.000     1.000     1.000    1.000    1.000
PROFILE        12 
     0.000    18.160      1.000     <#1>     0     0.000     0
    11.420    18.204      1.000     <#2>     0     0.000     0
    24.474    18.235      1.000     <#4>     0     0.000     0
    36.222    17.808      1.000     <#0>     0     0.000     0
    38.315    17.503      1.000     <#0>     0     0.000     0
    50.112    13.106      1.000     <#0>     0     0.000     0
    54.412    13.706      1.000     <#0>     0     0.000     0
    62.984    18.542      1.000     <#0>     0     0.000     0
    71.640    18.075      1.000     <#0>     0     0.000     0
    80.392    17.553      1.000     <#0>     0     0.000     0
    91.793    17.385      1.000     <#0>     0     0.000     0
    95.287    17.297      1.000     <#0>     0     0.000     0
LEVEL PARAMS
0  0    0.000  0    0.000  50
*******************************
1
KesikKopru
             925.900
COORDINATES
     2    652886.856  4080179.475   652923.465  4080105.520
FLOW DIRECTION
    0      
PROTECT DATA
    0      
DATUM
      0.00
RADIUS TYPE
    0
DIVIDE X-Section
0
SECTION ID
02_20
INTERPOLATED
    0
ANGLE
    0.00   0
RESISTANCE NUMBERS
   1  0     1.000     1.000     1.000    1.000    1.000
PROFILE        12 
     0.000    18.288      1.000     <#1>     0     0.000     0
     9.185    18.042      1.000     <#2>     0     0.000     0
    22.446    17.977      1.000     <#4>     0     0.000     0
    30.257    13.755      1.000     <#0>     0     0.000     0
    36.061    13.561      1.000     <#0>     0     0.000     0
    42.511    13.820      1.000     <#0>     0     0.000     0
    51.622    18.556      1.000     <#0>     0     0.000     0
    54.696    18.606      1.000     <#0>     0     0.000     0
    59.718    18.606      1.000     <#0>     0     0.000     0
    65.883    18.170      1.000     <#0>     0     0.000     0
    78.005    18.074      1.000     <#0>     0     0.000     0
    82.496    17.908      1.000     <#0>     0     0.000     0
LEVEL PARAMS
0  0    0.000  0    0.000  50
*******************************
1
KesikKopru
            1025.940
COORDINATES
     2    652978.473  4080222.268   653012.441  4080147.925
FLOW DIRECTION
    0      
PROTECT DATA
    0      
DATUM
      0.00
RADIUS TYPE
    0
DIVIDE X-Section
0
SECTION ID
02_21
INTERPOLATED
    0
ANGLE
    0.00   0
RESISTANCE NUMBERS
   1  0     1.000     1.000     1.000    1.000    1.000
PROFILE        12 
     0.000    18.200      1.000     <#1>     0     0.000     0
     3.460    17.721      1.000     <#2>     0     0.000     0
    13.998    17.690      1.000     <#4>     0     0.000     0
    21.525    17.801      1.000     <#0>     0     0.000     0
    28.755    13.963      1.000     <#0>     0     0.000     0
    34.756    13.839      1.000     <#0>     0     0.000     0
    41.944    14.440      1.000     <#0>     0     0.000     0
    50.692    18.832      1.000     <#0>     0     0.000     0
    55.923    18.716      1.000     <#0>     0     0.000     0
    60.896    18.831      1.000     <#0>     0     0.000     0
    70.201    18.534      1.000     <#0>     0     0.000     0
    81.712    18.444      1.000     <#0>     0     0.000     0
LEVEL PARAMS
0  0    0.000  0    0.000  50
*******************************
1
KesikKopru
            1125.950
COORDINATES
     2    653068.843  4080265.121   653103.945  4080188.298
FLOW DIRECTION
    0      
PROTECT DATA
    0      
DATUM
      0.00
RADIUS TYPE
    0
DIVIDE X-Section
0
SECTION ID
02_22
INTERPOLATED
    0
ANGLE
    0.00   0
RESISTANCE NUMBERS
   1  0     1.000     1.000     1.000    1.000    1.000
PROFILE        10 
     0.000    18.292      1.000     <#1>     0     0.000     0
     6.353    18.580      1.000     <#2>     0     0.000     0
    20.481    18.762      1.000     <#4>     0     0.000     0
    29.255    14.302      1.000     <#0>     0     0.000     0
    37.266    14.397      1.000     <#0>     0     0.000     0
    46.215    14.709      1.000     <#0>     0     0.000     0
    53.549    19.029      1.000     <#0>     0     0.000     0
    59.450    18.887      1.000     <#0>     0     0.000     0
    75.563    17.856      1.000     <#0>     0     0.000     0
    84.438    17.773      1.000     <#0>     0     0.000     0
LEVEL PARAMS
0  0    0.000  0    0.000  50
*******************************
1
KesikKopru
            1225.970
COORDINATES
     2    653158.804  4080303.503   653196.758  4080235.094
FLOW DIRECTION
    0      
PROTECT DATA
    0      
DATUM
      0.00
RADIUS TYPE
    0
DIVIDE X-Section
0
SECTION ID
02_23
INTERPOLATED
    0
ANGLE
    0.00   0
RESISTANCE NUMBERS
   1  0     1.000     1.000     1.000    1.000    1.000
PROFILE        11 
     0.000    19.295      1.000     <#1>     0     0.000     0
     4.354    19.236      1.000     <#2>     0     0.000     0
    15.623    19.027      1.000     <#4>     0     0.000     0
    22.670    14.989      1.000     <#0>     0     0.000     0
    32.033    14.475      1.000     <#0>     0     0.000     0
    39.448    14.701      1.000     <#0>     0     0.000     0
    46.060    19.044      1.000     <#0>     0     0.000     0
    52.143    18.722      1.000     <#0>     0     0.000     0
    55.635    18.125      1.000     <#0>     0     0.000     0
    67.883    18.029      1.000     <#0>     0     0.000     0
    78.210    17.713      1.000     <#0>     0     0.000     0
LEVEL PARAMS
0  0    0.000  0    0.000  50
*******************************
1
KesikKopru
            1326.080
COORDINATES
     2    653249.613  4080345.436   653284.093  4080283.289
FLOW DIRECTION
    0      
PROTECT DATA
    0      
DATUM
      0.00
RADIUS TYPE
    0
DIVIDE X-Section
0
SECTION ID
02_24
INTERPOLATED
    0
ANGLE
    0.00   0
RESISTANCE NUMBERS
   1  0     1.000     1.000     1.000    1.000    1.000
PROFILE        11 
     0.000    18.861      1.000     <#1>     0     0.000     0
     5.611    18.782      1.000     <#2>     0     0.000     0
     7.617    19.030      1.000     <#4>     0     0.000     0
    15.543    14.714      1.000     <#0>     0     0.000     0
    24.802    14.556      1.000     <#0>     0     0.000     0
    30.014    14.715      1.000     <#0>     0     0.000     0
    36.210    19.016      1.000     <#0>     0     0.000     0
    37.966    18.514      1.000     <#0>     0     0.000     0
    45.127    17.855      1.000     <#0>     0     0.000     0
    59.811    17.807      1.000     <#0>     0     0.000     0
    71.051    17.758      1.000     <#0>     0     0.000     0
LEVEL PARAMS
0  0    0.000  0    0.000  50
*******************************
1
KesikKopru
            1425.830
COORDINATES
     2    653317.190  4080423.293   653370.326  4080339.793
FLOW DIRECTION
    0      
PROTECT DATA
    0      
DATUM
      0.00
RADIUS TYPE
    0
DIVIDE X-Section
0
SECTION ID
02_25
INTERPOLATED
    0
ANGLE
    0.00   0
RESISTANCE NUMBERS
   1  0     1.000     1.000     1.000    1.000    1.000
PROFILE        13 
     0.000    19.047      1.000     <#1>     0     0.000     0
     2.979    18.972      1.000     <#2>     0     0.000     0
    12.762    18.151      1.000     <#4>     0     0.000     0
    31.712    18.424      1.000     <#0>     0     0.000     0
    40.713    18.447      1.000     <#0>     0     0.000     0
    50.696    14.424      1.000     <#0>     0     0.000     0
    55.170    14.398      1.000     <#0>     0     0.000     0
    58.810    14.615      1.000     <#0>     0     0.000     0
    65.634    18.122      1.000     <#0>     0     0.000     0
    72.269    18.097      1.000     <#0>     0     0.000     0
    78.075    17.766      1.000     <#0>     0     0.000     0
    87.588    17.520      1.000     <#0>     0     0.000     0
    98.945    17.583      1.000     <#0>     0     0.000     0
LEVEL PARAMS
0  0    0.000  0    0.000  50
*******************************
1
KesikKopru
            1525.930
COORDINATES
     2    653404.072  4080475.798   653455.339  4080389.362
FLOW DIRECTION
    0      
PROTECT DATA
    0      
DATUM
      0.00
RADIUS TYPE
    0
DIVIDE X-Section
0
SECTION ID
02_26
INTERPOLATED
    0
ANGLE
    0.00   0
RESISTANCE NUMBERS
   1  0     1.000     1.000     1.000    1.000    1.000
PROFILE        12 
     0.000    18.296      1.000     <#1>     0     0.000     0
     5.994    17.586      1.000     <#2>     0     0.000     0
     8.497    18.420      1.000     <#4>     0     0.000     0
    26.543    18.659      1.000     <#0>     0     0.000     0
    38.741    18.855      1.000     <#0>     0     0.000     0
    47.054    14.580      1.000     <#0>     0     0.000     0
    52.662    14.444      1.000     <#0>     0     0.000     0
    58.709    14.904      1.000     <#0>     0     0.000     0
    64.775    18.151      1.000     <#0>     0     0.000     0
    76.928    17.887      1.000     <#0>     0     0.000     0
    88.505    17.775      1.000     <#0>     0     0.000     0
   100.467    17.697      1.000     <#0>     0     0.000     0
LEVEL PARAMS
0  0    0.000  0    0.000  50
*******************************
1
KesikKopru
            1625.820
COORDINATES
     2    653490.513  4080526.147   653540.880  4080441.230
FLOW DIRECTION
    0      
PROTECT DATA
    0      
DATUM
      0.00
RADIUS TYPE
    0
DIVIDE X-Section
0
SECTION ID
02_27
INTERPOLATED
    0
ANGLE
    0.00   0
RESISTANCE NUMBERS
   1  0     1.000     1.000     1.000    1.000    1.000
PROFILE        14 
     0.000    18.660      1.000     <#1>     0     0.000     0
    11.627    18.701      1.000     <#2>     0     0.000     0
    27.431    19.395      1.000     <#4>     0     0.000     0
    37.108    19.331      1.000     <#0>     0     0.000     0
    37.767    19.504      1.000     <#0>     0     0.000     0
    45.899    14.784      1.000     <#0>     0     0.000     0
    52.035    14.544      1.000     <#0>     0     0.000     0
    57.400    14.709      1.000     <#0>     0     0.000     0
    65.133    19.135      1.000     <#0>     0     0.000     0
    67.277    18.582      1.000     <#0>     0     0.000     0
    74.728    18.579      1.000     <#0>     0     0.000     0
    82.038    18.359      1.000     <#0>     0     0.000     0
    91.493    18.142      1.000     <#0>     0     0.000     0
    98.702    18.141      1.000     <#0>     0     0.000     0
LEVEL PARAMS
0  0    0.000  0    0.000  50
*******************************
1
KesikKopru
            1725.850
COORDINATES
     2    653576.239  4080577.508   653627.054  4080491.836
FLOW DIRECTION
    0      
PROTECT DATA
    0      
DATUM
      0.00
RADIUS TYPE
    0
DIVIDE X-Section
0
SECTION ID
02_28
INTERPOLATED
    0
ANGLE
    0.00   0
RESISTANCE NUMBERS
   1  0     1.000     1.000     1.000    1.000    1.000
PROFILE        12 
     0.000    18.917      1.000     <#1>     0     0.000     0
    12.566    18.974      1.000     <#2>     0     0.000     0
    26.205    19.096      1.000     <#4>     0     0.000     0
    38.277    19.463      1.000     <#0>     0     0.000     0
    46.999    14.766      1.000     <#0>     0     0.000     0
    52.961    14.663      1.000     <#0>     0     0.000     0
    58.798    14.997      1.000     <#0>     0     0.000     0
    66.168    18.951      1.000     <#0>     0     0.000     0
    75.615    19.247      1.000     <#0>     0     0.000     0
    81.520    18.659      1.000     <#0>     0     0.000     0
    92.358    18.386      1.000     <#0>     0     0.000     0
    99.580    18.250      1.000     <#0>     0     0.000     0
LEVEL PARAMS
0  0    0.000  0    0.000  50
*******************************
1
KesikKopru
            1825.790
COORDINATES
     2    653672.652  4080611.445   653711.674  4080545.389
FLOW DIRECTION
    0      
PROTECT DATA
    0      
DATUM
      0.00
RADIUS TYPE
    0
DIVIDE X-Section
0
SECTION ID
02_29
INTERPOLATED
    0
ANGLE
    0.00   0
RESISTANCE NUMBERS
   1  0     1.000     1.000     1.000    1.000    1.000
PROFILE        12 
     0.000    20.219      1.000     <#1>     0     0.000     0
     8.477    20.195      1.000     <#2>     0     0.000     0
    18.138    20.012      1.000     <#4>     0     0.000     0
    27.344    14.933      1.000     <#0>     0     0.000     0
    33.284    14.791      1.000     <#0>     0     0.000     0
    37.973    14.997      1.000     <#0>     0     0.000     0
    47.608    19.421      1.000     <#0>     0     0.000     0
    52.607    19.497      1.000     <#0>     0     0.000     0
    55.974    19.030      1.000     <#0>     0     0.000     0
    57.397    18.658      1.000     <#0>     0     0.000     0
    67.040    18.471      1.000     <#0>     0     0.000     0
    76.699    18.170      1.000     <#0>     0     0.000     0
LEVEL PARAMS
0  0    0.000  0    0.000  50
*******************************
1
KesikKopru
            1925.970
COORDINATES
     2    653760.086  4080660.453   653799.148  4080593.375
FLOW DIRECTION
    0      
PROTECT DATA
    0      
DATUM
      0.00
RADIUS TYPE
    0
DIVIDE X-Section
0
SECTION ID
02_30
INTERPOLATED
    0
ANGLE
    0.00   0
RESISTANCE NUMBERS
   1  0     1.000     1.000     1.000    1.000    1.000
PROFILE        12 
     0.000    20.441      1.000     <#1>     0     0.000     0
     5.094    20.208      1.000     <#2>     0     0.000     0
    17.087    20.060      1.000     <#4>     0     0.000     0
    26.555    14.981      1.000     <#0>     0     0.000     0
    33.418    14.833      1.000     <#0>     0     0.000     0
    38.807    14.995      1.000     <#0>     0     0.000     0
    45.357    18.666      1.000     <#0>     0     0.000     0
    50.299    18.778      1.000     <#0>     0     0.000     0
    53.644    18.827      1.000     <#0>     0     0.000     0
    57.262    18.465      1.000     <#0>     0     0.000     0
    68.581    18.214      1.000     <#0>     0     0.000     0
    77.600    17.892      1.000     <#0>     0     0.000     0
LEVEL PARAMS
0  0    0.000  0    0.000  50
*******************************
1
KesikKopru
            2026.000
COORDINATES
     2    653843.899  4080710.974   653887.370  4080646.778
FLOW DIRECTION
    0      
PROTECT DATA
    0      
DATUM
      0.00
RADIUS TYPE
    0
DIVIDE X-Section
0
SECTION ID
02_31
INTERPOLATED
    0
ANGLE
    0.00   0
RESISTANCE NUMBERS
   1  0     1.000     1.000     1.000    1.000    1.000
PROFILE        10 
     0.000    19.971      1.000     <#1>     0     0.000     0
     6.668    20.069      1.000     <#2>     0     0.000     0
    15.269    19.954      1.000     <#4>     0     0.000     0
    24.531    15.096      1.000     <#0>     0     0.000     0
    30.254    14.900      1.000     <#0>     0     0.000     0
    36.731    14.984      1.000     <#0>     0     0.000     0
    43.340    19.038      1.000     <#0>     0     0.000     0
    51.037    18.886      1.000     <#0>     0     0.000     0
    61.705    18.730      1.000     <#0>     0     0.000     0
    77.507    18.595      1.000     <#0>     0     0.000     0
LEVEL PARAMS
0  0    0.000  0    0.000  50
*******************************
1
KesikKopru
            2125.920
COORDINATES
     2    653921.802  4080769.983   653960.418  4080720.417
FLOW DIRECTION
    0      
PROTECT DATA
    0      
DATUM
      0.00
RADIUS TYPE
    0
DIVIDE X-Section
0
SECTION ID
02_32
INTERPOLATED
    0
ANGLE
    0.00   0
RESISTANCE NUMBERS
   1  0     1.000     1.000     1.000    1.000    1.000
PROFILE         9 
     0.000    20.507      1.000     <#1>     0     0.000     0
     5.442    20.203      1.000     <#2>     0     0.000     0
    16.867    19.792      1.000     <#4>     0     0.000     0
    26.001    15.198      1.000     <#0>     0     0.000     0
    32.569    15.109      1.000     <#0>     0     0.000     0
    36.978    15.138      1.000     <#0>     0     0.000     0
    44.308    18.659      1.000     <#0>     0     0.000     0
    51.801    19.391      1.000     <#0>     0     0.000     0
    62.815    19.390      1.000     <#0>     0     0.000     0
LEVEL PARAMS
0  0    0.000  0    0.000  50
*******************************
1
KesikKopru
            2225.640
COORDINATES
     2    653953.320  4080806.250   654007.986  4080746.899
FLOW DIRECTION
    0      
PROTECT DATA
    0      
DATUM
      0.00
RADIUS TYPE
    0
DIVIDE X-Section
0
SECTION ID
02_33
INTERPOLATED
    0
ANGLE
    0.00   0
RESISTANCE NUMBERS
   1  0     1.000     1.000     1.000    1.000    1.000
PROFILE        10 
     0.000    20.454      1.000     <#1>     0     0.000     0
    11.406    20.071      1.000     <#2>     0     0.000     0
    24.190    19.642      1.000     <#4>     0     0.000     0
    33.038    15.413      1.000     <#0>     0     0.000     0
    40.721    15.270      1.000     <#0>     0     0.000     0
    46.949    15.334      1.000     <#0>     0     0.000     0
    53.087    19.421      1.000     <#0>     0     0.000     0
    60.928    19.287      1.000     <#0>     0     0.000     0
    69.398    19.010      1.000     <#0>     0     0.000     0
    80.667    19.061      1.000     <#0>     0     0.000     0
LEVEL PARAMS
0  0    0.000  0    0.000  50
*******************************
1
KesikKopru
            2275.940
COORDINATES
     2    654021.615  4080877.793   654068.532  4080829.743
FLOW DIRECTION
    0      
PROTECT DATA
    0      
DATUM
      0.00
RADIUS TYPE
    0
DIVIDE X-Section
0
SECTION ID
02_34
INTERPOLATED
    0
ANGLE
    0.00   0
RESISTANCE NUMBERS
   1  0     1.000     1.000     1.000    1.000    1.000
PROFILE         9 
     0.000    20.584      1.000     <#1>     0     0.000     0
    17.240    20.260      1.000     <#2>     0     0.000     0
    28.193    19.987      1.000     <#4>     0     0.000     0
    36.597    15.449      1.000     <#0>     0     0.000     0
    41.883    15.339      1.000     <#0>     0     0.000     0
    46.145    15.528      1.000     <#0>     0     0.000     0
    57.165    19.962      1.000     <#0>     0     0.000     0
    62.043    20.034      1.000     <#0>     0     0.000     0
    67.137    19.182      1.000     <#0>     0     0.000     0
LEVEL PARAMS
0  0    0.000  0    0.000  50
*******************************
1
KesikKopru
            2375.920
COORDINATES
     2    654094.394  4080946.512   654155.331  4080884.105
FLOW DIRECTION
    0      
PROTECT DATA
    0      
DATUM
      0.00
RADIUS TYPE
    0
DIVIDE X-Section
0
SECTION ID
02_35
INTERPOLATED
    0
ANGLE
    0.00   0
RESISTANCE NUMBERS
   1  0     1.000     1.000     1.000    1.000    1.000
PROFILE        11 
     0.000    20.506      1.000     <#1>     0     0.000     0
     2.414    20.501      1.000     <#2>     0     0.000     0
    15.815    20.722      1.000     <#4>     0     0.000     0
    23.558    20.419      1.000     <#0>     0     0.000     0
    37.158    15.530      1.000     <#0>     0     0.000     0
    42.634    15.352      1.000     <#0>     0     0.000     0
    47.187    15.553      1.000     <#0>     0     0.000     0
    55.873    20.153      1.000     <#0>     0     0.000     0
    61.266    20.253      1.000     <#0>     0     0.000     0
    75.963    20.163      1.000     <#0>     0     0.000     0
    87.198    20.619      1.000     <#0>     0     0.000     0
LEVEL PARAMS
0  0    0.000  0    0.000  50
*******************************
1
KesikKopru
            2476.010
COORDINATES
     2    654165.162  4081017.697   654226.834  4080952.882
FLOW DIRECTION
    0      
PROTECT DATA
    0      
DATUM
      0.00
RADIUS TYPE
    0
DIVIDE X-Section
0
SECTION ID
02_36
INTERPOLATED
    0
ANGLE
    0.00   0
RESISTANCE NUMBERS
   1  0     1.000     1.000     1.000    1.000    1.000
PROFILE        11 
     0.000    21.038      1.000     <#1>     0     0.000     0
     4.455    21.088      1.000     <#2>     0     0.000     0
    15.264    20.973      1.000     <#4>     0     0.000     0
    23.014    20.741      1.000     <#0>     0     0.000     0
    37.794    15.665      1.000     <#0>     0     0.000     0
    43.003    15.467      1.000     <#0>     0     0.000     0
    49.801    16.019      1.000     <#0>     0     0.000     0
    57.332    20.747      1.000     <#0>     0     0.000     0
    66.024    20.768      1.000     <#0>     0     0.000     0
    76.450    20.817      1.000     <#0>     0     0.000     0
    89.441    20.485      1.000     <#0>     0     0.000     0
LEVEL PARAMS
0  0    0.000  0    0.000  50
*******************************
1
KesikKopru
            2575.860
COORDINATES
     2    654205.300  4081048.109   654251.968  4080999.061
FLOW DIRECTION
    0      
PROTECT DATA
    0      
DATUM
      0.00
RADIUS TYPE
    0
DIVIDE X-Section
0
SECTION ID
02_37
INTERPOLATED
    0
ANGLE
    0.00   0
RESISTANCE NUMBERS
   1  0     1.000     1.000     1.000    1.000    1.000
PROFILE        11 
     0.000    21.067      1.000     <#1>     0     0.000     0
     4.403    21.044      1.000     <#2>     0     0.000     0
    16.252    20.787      1.000     <#4>     0     0.000     0
    28.215    15.957      1.000     <#0>     0     0.000     0
    35.024    15.311      1.000     <#0>     0     0.000     0
    38.458    16.113      1.000     <#0>     0     0.000     0
    42.506    17.133      1.000     <#0>     0     0.000     0
    49.582    20.255      1.000     <#0>     0     0.000     0
    50.192    20.084      1.000     <#0>     0     0.000     0
    60.006    20.333      1.000     <#0>     0     0.000     0
    67.683    20.367      1.000     <#0>     0     0.000     0
LEVEL PARAMS
0  0    0.000  0    0.000  50
*******************************
1
KesikKopru
            2585.320
COORDINATES
     2    654237.392  4081085.896   654299.389  4081023.133
FLOW DIRECTION
    0      
PROTECT DATA
    0      
DATUM
      0.00
RADIUS TYPE
    0
DIVIDE X-Section
0
SECTION ID
02_38
INTERPOLATED
    0
ANGLE
    0.00   0
RESISTANCE NUMBERS
   1  0     1.000     1.000     1.000    1.000    1.000
PROFILE        13 
     0.000    21.711      1.000     <#1>     0     0.000     0
    11.101    21.368      1.000     <#2>     0     0.000     0
    22.192    21.160      1.000     <#4>     0     0.000     0
    32.523    15.840      1.000     <#0>     0     0.000     0
    35.479    15.447      1.000     <#0>     0     0.000     0
    39.504    15.980      1.000     <#0>     0     0.000     0
    44.416    17.562      1.000     <#0>     0     0.000     0
    49.361    20.174      1.000     <#0>     0     0.000     0
    56.656    20.265      1.000     <#0>     0     0.000     0
    65.245    20.240      1.000     <#0>     0     0.000     0
    69.830    20.186      1.000     <#0>     0     0.000     0
    74.460    19.095      1.000     <#0>     0     0.000     0
    88.194    19.058      1.000     <#0>     0     0.000     0
LEVEL PARAMS
0  0    0.000  0    0.000  50
*******************************
1
KesikKopru
            2594.500
COORDINATES
     2    654301.850  4081162.976   654370.357  4081093.623
FLOW DIRECTION
    0      
PROTECT DATA
    0      
DATUM
      0.00
RADIUS TYPE
    0
DIVIDE X-Section
0
SECTION ID
02_39
INTERPOLATED
    0
ANGLE
    0.00   0
RESISTANCE NUMBERS
   1  0     1.000     1.000     1.000    1.000    1.000
PROFILE        14 
     0.000    20.033      1.000     <#1>     0     0.000     0
     9.427    20.004      1.000     <#2>     0     0.000     0
    21.825    20.936      1.000     <#4>     0     0.000     0
    31.402    20.316      1.000     <#0>     0     0.000     0
    41.850    15.981      1.000     <#0>     0     0.000     0
    46.584    15.627      1.000     <#0>     0     0.000     0
    50.859    15.917      1.000     <#0>     0     0.000     0
    57.944    18.989      1.000     <#0>     0     0.000     0
    61.369    21.035      1.000     <#0>     0     0.000     0
    68.449    20.132      1.000     <#0>     0     0.000     0
    78.703    19.902      1.000     <#0>     0     0.000     0
    84.050    19.075      1.000     <#0>     0     0.000     0
    91.807    19.053      1.000     <#0>     0     0.000     0
    97.455    18.895      1.000     <#0>     0     0.000     0
LEVEL PARAMS
0  0    0.000  0    0.000  50
*******************************
1
KesikKopru
            2605.260
COORDINATES
     2    654368.610  4081235.307   654441.099  4081166.625
FLOW DIRECTION
    0      
PROTECT DATA
    0      
DATUM
      0.00
RADIUS TYPE
    0
DIVIDE X-Section
0
SECTION ID
02_40
INTERPOLATED
    0
ANGLE
    0.00   0
RESISTANCE NUMBERS
   1  0     1.000     1.000     1.000    1.000    1.000
PROFILE        12 
     0.000    19.893      1.000     <#1>     0     0.000     0
    17.733    19.791      1.000     <#2>     0     0.000     0
    34.602    19.948      1.000     <#4>     0     0.000     0
    35.483    20.483      1.000     <#0>     0     0.000     0
    45.745    16.017      1.000     <#0>     0     0.000     0
    51.396    15.794      1.000     <#0>     0     0.000     0
    55.010    15.929      1.000     <#0>     0     0.000     0
    66.338    20.758      1.000     <#0>     0     0.000     0
    75.768    20.216      1.000     <#0>     0     0.000     0
    82.048    20.219      1.000     <#0>     0     0.000     0
    87.368    19.351      1.000     <#0>     0     0.000     0
    99.830    19.236      1.000     <#0>     0     0.000     0
LEVEL PARAMS
0  0    0.000  0    0.000  50
*******************************
1
KesikKopru
            2625.920
COORDINATES
     2    654437.360  4081307.991   654502.842  4081245.948
FLOW DIRECTION
    0      
PROTECT DATA
    0      
DATUM
      0.00
RADIUS TYPE
    0
DIVIDE X-Section
0
SECTION ID
02_41
INTERPOLATED
    0
ANGLE
    0.00   0
RESISTANCE NUMBERS
   1  0     1.000     1.000     1.000    1.000    1.000
PROFILE        10 
     0.000    19.989      1.000     <#1>     0     0.000     0
    21.502    19.911      1.000     <#2>     0     0.000     0
    38.435    20.117      1.000     <#4>     0     0.000     0
    39.764    20.633      1.000     <#0>     0     0.000     0
    48.441    16.505      1.000     <#0>     0     0.000     0
    54.556    16.206      1.000     <#0>     0     0.000     0
    59.176    16.223      1.000     <#0>     0     0.000     0
    69.311    20.697      1.000     <#0>     0     0.000     0
    77.906    20.950      1.000     <#0>     0     0.000     0
    90.180    21.161      1.000     <#0>     0     0.000     0
LEVEL PARAMS
0  0    0.000  0    0.000  50
*******************************
1
KesikKopru
            2675.920
COORDINATES
     2    654510.614  4081381.899   654577.324  4081307.841
FLOW DIRECTION
    0      
PROTECT DATA
    0      
DATUM
      0.00
RADIUS TYPE
    0
DIVIDE X-Section
0
SECTION ID
02_42
INTERPOLATED
    0
ANGLE
    0.00   0
RESISTANCE NUMBERS
   1  0     1.000     1.000     1.000    1.000    1.000
PROFILE        11 
     0.000    20.544      1.000     <#1>     0     0.000     0
    17.098    20.256      1.000     <#2>     0     0.000     0
    34.960    20.392      1.000     <#4>     0     0.000     0
    38.640    22.078      1.000     <#0>     0     0.000     0
    45.954    17.287      1.000     <#0>     0     0.000     0
    56.085    16.643      1.000     <#0>     0     0.000     0
    63.590    16.589      1.000     <#0>     0     0.000     0
    70.538    20.522      1.000     <#0>     0     0.000     0
    78.710    21.109      1.000     <#0>     0     0.000     0
    90.114    21.302      1.000     <#0>     0     0.000     0
    99.644    18.959      1.000     <#0>     0     0.000     0
LEVEL PARAMS
0  0    0.000  0    0.000  50
*******************************
1
KesikKopru
            2775.960
COORDINATES
     2    654572.047  4081463.324   654650.263  4081376.493
FLOW DIRECTION
    0      
PROTECT DATA
    0      
DATUM
      0.00
RADIUS TYPE
    0
DIVIDE X-Section
0
SECTION ID
02_43
INTERPOLATED
    0
ANGLE
    0.00   0
RESISTANCE NUMBERS
   1  0     1.000     1.000     1.000    1.000    1.000
PROFILE        15 
     0.000    21.900      1.000     <#1>     0     0.000     0
     9.240    22.180      1.000     <#2>     0     0.000     0
    14.511    22.360      1.000     <#4>     0     0.000     0
    25.542    22.117      1.000     <#0>     0     0.000     0
    39.804    22.309      1.000     <#0>     0     0.000     0
    49.916    22.682      1.000     <#0>     0     0.000     0
    63.202    16.774      1.000     <#0>     0     0.000     0
    68.187    16.609      1.000     <#0>     0     0.000     0
    78.619    16.846      1.000     <#0>     0     0.000     0
    85.907    20.979      1.000     <#0>     0     0.000     0
    92.108    21.068      1.000     <#0>     0     0.000     0
    96.217    21.130      1.000     <#0>     0     0.000     0
   102.949    21.050      1.000     <#0>     0     0.000     0
   108.756    20.952      1.000     <#0>     0     0.000     0
   116.830    20.443      1.000     <#0>     0     0.000     0
LEVEL PARAMS
0  0    0.000  0    0.000  50
*******************************
1
KesikKopru
            2875.890
COORDINATES
     2    654694.490  4081528.753   654766.054  4081492.971
FLOW DIRECTION
    0      
PROTECT DATA
    0      
DATUM
      0.00
RADIUS TYPE
    0
DIVIDE X-Section
0
SECTION ID
02_44
INTERPOLATED
    0
ANGLE
    0.00   0
RESISTANCE NUMBERS
   1  0     1.000     1.000     1.000    1.000    1.000
PROFILE        12 
     0.000    22.050      1.000     <#1>     0     0.000     0
    14.152    22.150      1.000     <#2>     0     0.000     0
    20.783    22.100      1.000     <#4>     0     0.000     0
    32.384    21.887      1.000     <#0>     0     0.000     0
    38.190    21.801      1.000     <#0>     0     0.000     0
    39.565    17.584      1.000     <#0>     0     0.000     0
    52.431    17.552      1.000     <#0>     0     0.000     0
    60.479    17.424      1.000     <#0>     0     0.000     0
    64.512    20.401      1.000     <#0>     0     0.000     0
    68.277    21.130      1.000     <#0>     0     0.000     0
    73.533    21.394      1.000     <#0>     0     0.000     0
    79.987    21.754      1.000     <#0>     0     0.000     0
LEVEL PARAMS
0  0    0.000  0    0.000  50
*******************************
1
KesikKopru
            2975.980
COORDINATES
     2    654688.186  4081589.528   654754.026  4081612.382
FLOW DIRECTION
    0      
PROTECT DATA
    0      
DATUM
      0.00
RADIUS TYPE
    0
DIVIDE X-Section
0
SECTION ID
02_45
INTERPOLATED
    0
ANGLE
    0.00   0
RESISTANCE NUMBERS
   1  0     1.000     1.000     1.000    1.000    1.000
PROFILE        10 
     0.000    21.193      1.000     <#1>     0     0.000     0
    11.368    21.249      1.000     <#2>     0     0.000     0
    19.917    21.158      1.000     <#4>     0     0.000     0
    37.953    21.440      1.000     <#0>     0     0.000     0
    43.067    21.429      1.000     <#0>     0     0.000     0
    50.660    17.666      1.000     <#0>     0     0.000     0
    54.910    17.466      1.000     <#0>     0     0.000     0
    58.748    17.369      1.000     <#0>     0     0.000     0
    65.503    21.492      1.000     <#0>     0     0.000     0
    69.673    21.653      1.000     <#0>     0     0.000     0
LEVEL PARAMS
0  0    0.000  0    0.000  50
*******************************
1
KesikKopru
            3075.920
COORDINATES
     2    654588.784  4081739.502   654626.488  4081773.778
FLOW DIRECTION
    0      
PROTECT DATA
    0      
DATUM
      0.00
RADIUS TYPE
    0
DIVIDE X-Section
0
SECTION ID
02_46
INTERPOLATED
    0
ANGLE
    0.00   0
RESISTANCE NUMBERS
   1  0     1.000     1.000     1.000    1.000    1.000
PROFILE         9 
     0.000    22.350      1.000     <#1>     0     0.000     0
     4.049    22.750      1.000     <#2>     0     0.000     0
     7.621    23.983      1.000     <#4>     0     0.000     0
     8.235    20.931      1.000     <#0>     0     0.000     0
    13.460    17.890      1.000     <#0>     0     0.000     0
    20.335    19.972      1.000     <#0>     0     0.000     0
    31.401    20.891      1.000     <#0>     0     0.000     0
    39.314    21.817      1.000     <#0>     0     0.000     0
    50.940    22.350      1.000     <#0>     0     0.000     0
LEVEL PARAMS
0  0    0.000  0    0.000  50
*******************************
1
KesikKopru
            3176.090
COORDINATES
     2    654517.770  4081841.641   654617.207  4081832.692
FLOW DIRECTION
    0      
PROTECT DATA
    0      
DATUM
      0.00
RADIUS TYPE
    0
DIVIDE X-Section
0
SECTION ID
02_47
INTERPOLATED
    0
ANGLE
    0.00   0
RESISTANCE NUMBERS
   1  0     1.000     1.000     1.000    1.000    1.000
PROFILE        12 
     0.000    22.307      1.000     <#1>     0     0.000     0
    14.870    21.827      1.000     <#2>     0     0.000     0
    26.875    21.698      1.000     <#4>     0     0.000     0
    42.704    20.988      1.000     <#0>     0     0.000     0
    47.808    20.150      1.000     <#0>     0     0.000     0
    49.706    18.443      1.000     <#0>     0     0.000     0
    59.742    18.350      1.000     <#0>     0     0.000     0
    63.879    22.206      1.000     <#0>     0     0.000     0
    74.489    22.500      1.000     <#0>     0     0.000     0
    86.840    20.300      1.000     <#0>     0     0.000     0
    93.111    18.396      1.000     <#0>     0     0.000     0
    99.810    18.549      1.000     <#0>     0     0.000     0
LEVEL PARAMS
0  0    0.000  0    0.000  50
*******************************
1
KesikKopru
            3333.850
COORDINATES
     2    654557.840  4082273.012   654652.208  4082303.943
FLOW DIRECTION
    0      
PROTECT DATA
    0      
DATUM
      0.00
RADIUS TYPE
    0
DIVIDE X-Section
0
SECTION ID
02_48
INTERPOLATED
    0
ANGLE
    0.00   0
RESISTANCE NUMBERS
   1  0     1.000     1.000     1.000    1.000    1.000
PROFILE        15 
     0.000    24.589      1.000     <#1>     0     0.000     0
    11.885    24.468      1.000     <#2>     0     0.000     0
    25.245    24.478      1.000     <#4>     0     0.000     0
    36.947    24.613      1.000     <#0>     0     0.000     0
    40.027    23.516      1.000     <#0>     0     0.000     0
    45.164    22.310      1.000     <#0>     0     0.000     0
    50.825    19.811      1.000     <#0>     0     0.000     0
    53.923    20.010      1.000     <#0>     0     0.000     0
    55.745    20.377      1.000     <#0>     0     0.000     0
    61.335    21.859      1.000     <#0>     0     0.000     0
    66.633    24.755      1.000     <#0>     0     0.000     0
    76.396    24.934      1.000     <#0>     0     0.000     0
    85.179    25.024      1.000     <#0>     0     0.000     0
    93.952    25.103      1.000     <#0>     0     0.000     0
    99.279    25.223      1.000     <#0>     0     0.000     0
LEVEL PARAMS
0  0    0.000  0    0.000  50
*******************************
1
KesikKopru
            3364.120
COORDINATES
     2    654415.418  4082748.932   654526.224  4082723.617
FLOW DIRECTION
    0      
PROTECT DATA
    0      
DATUM
      0.00
RADIUS TYPE
    0
DIVIDE X-Section
0
SECTION ID
02_49
INTERPOLATED
    0
ANGLE
    0.00   0
RESISTANCE NUMBERS
   1  0     1.000     1.000     1.000    1.000    1.000
PROFILE        15 
     0.000    25.878      1.000     <#1>     0     0.000     0
    12.627    25.733      1.000     <#2>     0     0.000     0
    23.281    25.412      1.000     <#4>     0     0.000     0
    31.104    25.186      1.000     <#0>     0     0.000     0
    38.735    24.887      1.000     <#0>     0     0.000     0
    43.446    24.761      1.000     <#0>     0     0.000     0
    46.832    23.897      1.000     <#0>     0     0.000     0
    53.002    20.920      1.000     <#0>     0     0.000     0
    57.902    21.182      1.000     <#0>     0     0.000     0
    60.545    21.302      1.000     <#0>     0     0.000     0
    70.750    26.246      1.000     <#0>     0     0.000     0
    80.649    26.602      1.000     <#0>     0     0.000     0
    92.844    26.885      1.000     <#0>     0     0.000     0
   102.975    27.101      1.000     <#0>     0     0.000     0
   113.628    27.567      1.000     <#0>     0     0.000     0
LEVEL PARAMS
0  0    0.000  0    0.000  50
*******************************
1
KesikKopru
            3383.300
COORDINATES
     2    654363.209  4083124.631   654360.050  4083226.288
FLOW DIRECTION
    0      
PROTECT DATA
    0      
DATUM
      0.00
RADIUS TYPE
    0
DIVIDE X-Section
0
SECTION ID
02_50
INTERPOLATED
    0
ANGLE
    0.00   0
RESISTANCE NUMBERS
   1  0     1.000     1.000     1.000    1.000    1.000
PROFILE        14 
     0.000    27.099      1.000     <#1>     0     0.000     0
    18.138    27.060      1.000     <#2>     0     0.000     0
    31.979    27.172      1.000     <#4>     0     0.000     0
    40.843    28.540      1.000     <#0>     0     0.000     0
    44.117    28.443      1.000     <#0>     0     0.000     0
    49.009    26.117      1.000     <#0>     0     0.000     0
    53.201    23.703      1.000     <#0>     0     0.000     0
    60.383    23.740      1.000     <#0>     0     0.000     0
    64.068    25.070      1.000     <#0>     0     0.000     0
    72.974    28.261      1.000     <#0>     0     0.000     0
    78.196    28.118      1.000     <#0>     0     0.000     0
    81.311    27.340      1.000     <#0>     0     0.000     0
    89.772    27.376      1.000     <#0>     0     0.000     0
   101.676    27.382      1.000     <#0>     0     0.000     0
LEVEL PARAMS
0  0    0.000  0    0.000  50
*******************************
